1 5 2 9234.567901234568
1 4 3 9086.41975308642
2 11 4 9283.95061728395
3 20 4 9185.185185185184
2 10 3 9160.493827160493
3 19 2 9234.567901234568
4 28 1 9358.024691358025
3 20 2 9160.493827160493
2 10 1 9308.641975308641
3 17 1 9160.493827160493
4 25 2 9234.567901234568
3 24 1 9407.407407407407
4 33 2 9185.185185185184
5 46 3 9283.95061728395
4 39 2 9333.333333333332
3 26 1 9358.024691358025
4 39 2 9185.185185185184
5 48 1 9358.024691358025
5 53 1 9481.481481481482
4 45 1 9530.864197530864
4 44 2 9481.481481481482
5 47 1 9358.024691358025
6 60 1 9432.098765432098
7 73 1 9456.79012345679
6 65 1 9481.481481481482
5 52 1 9530.864197530864
4 49 1 9382.716049382716
3 46 1 9728.395061728395
2 43 2 9530.864197530864
3 56 1 9555.555555555557
3 57 1 9629.62962962963
3 58 1 9654.320987654322
3 63 2 9604.938271604939
4 70 1 9703.703703703704
5 83 1 9530.864197530864
4 77 1 9703.703703703704
3 74 1 9679.012345679013
4 83 1 9506.172839506173
3 80 1 9629.62962962963
3 85 2 9654.320987654322
4 98 1 9679.012345679013
4 103 1 9703.703703703704
5 113 1 9703.703703703704
6 122 1 9728.395061728395
7 133 1 9777.777777777777
8 142 1 9777.777777777777
9 155 1 9753.086419753086
8 146 1 9802.46913580247
7 134 2 9703.703703703704
6 125 1 9703.703703703704
5 112 1 9753.086419753086
6 121 1 9777.777777777777
7 128 1 9753.086419753086
7 127 1 9753.086419753086
7 128 1 9827.160493827161
6 121 1 9703.703703703704
5 117 1 9703.703703703704
4 114 2 9679.012345679013
3 111 2 9604.938271604939
2 103 1 9753.086419753086
3 110 2 9530.864197530864
2 99 1 9753.086419753086
1 90 2 9654.320987654322
1 85 1 9506.172839506173
1 86 2 9506.172839506173
1 87 1 9580.246913580248
1 86 2 9629.62962962963
1 85 3 9555.555555555557
1 86 2 9432.098765432098
1 85 1 9654.320987654322
1 86 1 9629.62962962963
1 85 2 9432.098765432098
1 90 3 9506.172839506173
1 91 4 9530.864197530864
1 92 5 9432.098765432098
1 96 6 9604.938271604939
1 100 5 9555.555555555557
1 99 4 9432.098765432098
1 102 5 9530.864197530864
1 105 6 9530.864197530864
1 104 5 9407.407407407407
1 103 5 9580.246913580248
1 103 4 9432.098765432098
1 102 5 9555.555555555557
1 102 4 9481.481481481482
1 102 3 9481.481481481482
1 101 2 9555.555555555557
1 101 1 9580.246913580248
1 100 2 9407.407407407407
1 99 1 9654.320987654322
1 98 2 9555.555555555557
1 98 1 9530.864197530864
1 97 2 9481.481481481482
1 94 1 9728.395061728395
1 93 1 9604.938271604939
1 92 1 9604.938271604939
1 91 2 9555.555555555557
1 86 1 9604.938271604939
1 81 2 9481.481481481482
