3.45
5.5500000000000025
7.200000000000008
7.250000000000004
5.850000000000004
5.2
3.500000000000008
6.0500000000000025
4.350000000000003
6.599999999999999
4.349999999999999
7.549999999999995
5.799999999999999
8.700000000000008
4.600000000000003
5.8000000000000025
2.7000000000000104
4.649999999999995
2.6500000000000012
9.700000000000006
5.549999999999999
7.45
7.0
8.700000000000001
7.150000000000008
5.200000000000004
7.8
5.599999999999999
9.149999999999999
5.0
6.600000000000001
3.349999999999995
6.85
5.800000000000001
3.8000000000000043
7.650000000000006
5.950000000000001
9.200000000000005
7.750000000000004
4.700000000000008
5.7499999999999964
8.5
0.5499999999999994
6.099999999999998
7.7
6.399999999999998
8.650000000000002
9.400000000000006
4.650000000000003
6.099999999999998
3.8500000000000014
9.999999999999996
7.950000000000003
8.300000000000006
7.050000000000007
3.8500000000000023
7.150000000000006
6.000000000000004
10.000000000000007
5.85
2.8499999999999956
4.150000000000003
4.200000000000001
5.8000000000000025
3.900000000000002
3.250000000000006
1.2000000000000022
3.700000000000004
9.200000000000005
6.000000000000006
2.65
1.949999999999997
6.449999999999998
3.450000000000003
4.600000000000004
2.0500000000000007
4.750000000000003
5.900000000000007
7.149999999999996
5.750000000000001
6.599999999999999
7.000000000000003
6.15
6.400000000000003
5.750000000000004
7.35
9.650000000000002
5.750000000000006
8.300000000000006
6.350000000000001
5.649999999999997
9.4
7.800000000000004
3.4000000000000044
5.449999999999999
10.300000000000008
1.5000000000000013
7.250000000000003
7.900000000000001
3.2500000000000044
5.699999999999999
4.9999999999999964
4.450000000000001
9.350000000000003
9.15000000000001
6.700000000000007
8.350000000000005
3.199999999999996
4.900000000000002
5.450000000000003
7.9
9.100000000000005
7.150000000000006
7.05
5.300000000000006
8.950000000000005
5.799999999999999
4.100000000000006
2.7500000000000036
5.350000000000006
6.7
8.650000000000002
7.05
3.7000000000000037
6.600000000000004
8.200000000000005
8.25
7.300000000000007
6.15
7.3000000000000025
6.199999999999998
2.7000000000000015
6.799999999999997
4.900000000000007
8.500000000000002
4.850000000000002
0.7999999999999985
6.950000000000003
7.400000000000003
9.300000000000004
6.3000000000000025
8.150000000000002
7.300000000000007
6.200000000000001
8.400000000000002
4.299999999999997
8.000000000000004
8.250000000000007
6.3999999999999995
5.250000000000007
5.000000000000002
8.1
7.499999999999997
4.7499999999999964
6.400000000000003
8.800000000000004
6.149999999999998
6.049999999999998
8.049999999999999
7.650000000000003
7.349999999999997
8.500000000000002
5.650000000000005
4.049999999999998
5.550000000000002
7.8000000000000025
6.650000000000004
4.95
4.000000000000002
8.400000000000002
7.449999999999998
5.1
5.550000000000002
8.500000000000005
5.4499999999999975
4.400000000000008
8.449999999999998
9.75
2.05
3.9000000000000057
6.150000000000004
0.4000000000000014
4.000000000000005
3.9500000000000037
5.9000000000000075
6.150000000000004
7.150000000000003
6.350000000000003
6.95
6.250000000000008
7.450000000000001
6.05
6.6000000000000085
6.549999999999999
6.700000000000001
8.950000000000001
6.750000000000004
5.200000000000001
6.15
5.750000000000002
9.099999999999998
7.300000000000007
7.199999999999996
7.400000000000001
6.750000000000002
5.099999999999998
